Input  X: [[0.35962347 0.99874697 0.05109347]
 [0.68805668 0.90228396 0.22426895]
 [0.14448745 0.39405165 0.75594862]
 [0.38760738 0.26408701 0.86109877]
 [0.29698804 0.56461881 0.16352381]
 [0.45051649 0.93941885 0.9259885 ]
 [0.29546354 0.11074216 0.03123385]
 [0.76990604 0.79157457 0.004129  ]
 [0.66799632 0.45940287 0.77025009]
 [0.83948487 0.14405576 0.66354755]]

Output Y: [[0.03424375]
 [0.27355669]
 [0.8906322 ]
 [0.38917295]
 [0.25157796]
 [0.66377645]
 [0.60981908]
 [0.6657544 ]
 [0.53500073]
 [0.33142844]]

Predictions: [[0.06003282]
 [0.26041253]
 [0.88132017]
 [0.35425709]
 [0.21456597]
 [0.62571951]
 [0.59061467]
 [0.63121518]
 [0.50582298]
 [0.30457674]]